image_width: 1440
image_height: 1080
camera_name: narrow_stereo
camera_matrix:
  rows: 3
  cols: 3
  data: [2020.9932861328125, 0.0, 796.5514130730007, 0.0, 0.0, 1966.4888916015625, 256.87497445679037, 0.000000, 0.000000, 1.000000]
distortion_model: plumb_bob
distortion_coefficients:
  rows: 1
  cols: 5
  data: [0.013036201599882665, -0.050300126740894305, -0.032506179647756886, 0.007510929573802635, 0.000000]
rectification_matrix:
  rows: 3
  cols: 3
  data: [1.000000, 0.000000, 0.000000, 0.000000, 1.000000, 0.000000, 0.000000, 0.000000, 1.000000]
projection_matrix:
  rows: 3
  cols: 4
  data: [2020.9932861328125, 0.0, 796.5514130730007, 0.0, 0.0, 1966.4888916015625, 256.87497445679037, 0.000000, 0.000000, 0.000000, 1.000000, 0.000000]
