image_width: 1280
image_height: 1024
camera_name: narrow_stereo
camera_matrix:
  rows: 3
  cols: 3
  data: [1685.551471, 0.000000, 656.467679, 0.000000, 1698.636891, 452.359634, 0.000000, 0.000000, 1.000000]
distortion_model: plumb_bob
distortion_coefficients:
  rows: 1
  cols: 5
  data: [-0.124234, 0.119513, 0.020825, -0.007167, 0.000000]
rectification_matrix:
  rows: 3
  cols: 3
  data: [1.000000, 0.000000, 0.000000, 0.000000, 1.000000, 0.000000, 0.000000, 0.000000, 1.000000]
projection_matrix:
  rows: 3
  cols: 4
  data: [1665.763306, 0.000000, 619.476212, 0.000000, 0.000000, 1666.981323, 615.280379, 0.000000, 0.000000, 0.000000, 1.000000, 0.000000]
